{
 "cells": [
  {
   "cell_type": "markdown",
   "metadata": {},
   "source": [
    "# Задания вручную"
   ]
  },
  {
   "cell_type": "markdown",
   "metadata": {},
   "source": [
    "## Задание 1"
   ]
  },
  {
   "cell_type": "markdown",
   "metadata": {},
   "source": [
    "Даны 3 вектора, необходимо исследовать их на линейную зависимость:\n",
    "$$\\vec{a_1} = (1; 8; -1), \\vec{a_2}=(-2;3;3), \\vec{a_3}=(4;-11;9)$$\n",
    "\n",
    "В первую очередь запишем данные вектора в виде матрицы:\n",
    "$$\\begin{pmatrix}\n",
    "1 & -2 & 4 \\\\ \n",
    "8 & 3 & -11 \\\\\n",
    "-1 & 3 & 9  \n",
    "\\end{pmatrix}$$\n",
    "\n",
    "Посчитаем определитель этой матрицы. Если определитель не равен 0, то векторы линейно независимы:\n",
    "$$det=\\begin{vmatrix}\n",
    "1 & -2 & 4 \\\\ \n",
    "8 & 3 & -11 \\\\\n",
    "-1 & 3 & 9  \n",
    "\\end{vmatrix} = (1*3*9)+(-2*-11*-1)+(4*8*3)-(4*3*-1)-(1*-11*3)-(-2*8*9) = 290$$\n",
    "Т. к. определитель матрицы не равен 0, следовательно, ранг матрицы равен 3, следовательно, вектора линейно независимы"
   ]
  },
  {
   "cell_type": "markdown",
   "metadata": {},
   "source": [
    "## Задание 2"
   ]
  },
  {
   "cell_type": "markdown",
   "metadata": {},
   "source": [
    "Даны 3 вектора. Нужно определить, при каком значении a вектора будут являться линейно зависимыми:\n",
    "$$\\vec{a_1} = (1; 0; 2; -3), \\vec{a_2}=(2;2;-4;a), \\vec{a_3}=(3;1;2;-5)$$\n",
    "\n",
    "В первую очередь зададим матрицу для этих векторов:\n",
    "$$\\begin{pmatrix}\n",
    "1 & 2 & 3 \\\\ \n",
    "0 & 2 & 1 \\\\\n",
    "2 & -4 & 2  \\\\\n",
    "-3 & a & -5\n",
    "\\end{pmatrix}$$\n",
    "\n",
    "В первую очередь исследуем то, что мы можем исследовать: линейную зависимость имеющихся вектором (без учета последней координаты). Тогда, найдем определитель матрицы:\n",
    "$$det = \\begin{vmatrix}\n",
    "1 & 2 & 3 \\\\ \n",
    "0 & 2 & 1 \\\\\n",
    "2 & -4 & 2 \n",
    "\\end{vmatrix} = (1*2*2)+(2*1*2)+(3*0*-4)-(3*2*2)-(1*1*-4)-(2*0*2) = 0$$\n",
    "\n",
    "Определитель этой матрицы равен 0 ~~(повезло)~~, что значит, что вектора уже линейно зависимые.\n",
    "\n",
    "**Ответ:**\n",
    "Вектора линейно зависимые при любых значениях $a$"
   ]
  },
  {
   "cell_type": "markdown",
   "metadata": {},
   "source": [
    "## Задание 3"
   ]
  },
  {
   "cell_type": "markdown",
   "metadata": {},
   "source": [
    "Дана матрица. Нужно выразить ее определитель:\n",
    "$$\\begin{pmatrix}\n",
    "1 & -1 & a & -1 \\\\ \n",
    "-1 & -2 & b & -1 \\\\\n",
    "-2 & 0 & c & 1  \\\\\n",
    "0 & -1 & d & 0\n",
    "\\end{pmatrix}$$\n",
    "\n",
    "Т. к. перед нами матрица 4x4 использовать какую-то готовую формулу будет проблематично. Поэтому используем правильно разложения определителя по строке. В соответствии с этим правилом определитель будет равен:\n",
    "$$det = 1*M_{11}-(-1)*M_{12}+a*M_{13}-(-1)*M_{14}$$\n",
    "\n",
    "Вычислим миноры:\n",
    "$$M_{11} = \\begin{vmatrix}\n",
    "-2 & b & -1 \\\\\n",
    "0 & c & 1  \\\\\n",
    "-1 & d & 0\n",
    "\\end{vmatrix} = (-2*c*0)+(b*1*-1)+(-1*0*d)-(-1*c*-1)-(-2*1*d)-(b*0*0) = 0-b+0-c+2d-0 = -b-c-2d$$\n",
    "\n",
    "$$M_{12} = \\begin{vmatrix}\n",
    "-1 & b & -1 \\\\\n",
    "-2 & c & 1  \\\\\n",
    "0 & d & 0\n",
    "\\end{vmatrix} = (-1*c*0)+(b*1*0)+(-1*-2*d)-(-1*c*0)-(-1*1*d)-(b*-2*0) = 0+0+2d-0+d-0 = 3d$$\n",
    "\n",
    "$$M_{13} = \\begin{vmatrix}\n",
    "-1 & -2 & -1 \\\\\n",
    "-2 & 0 & 1  \\\\\n",
    "0 & -1 & 0\n",
    "\\end{vmatrix} = (-1*0*0)+(-2*1*0)+(-1*-2*-1)-(-1*0*0)-(-1*1*-1)-(-2*-2*0) = 0+0-2+0-1-0=-3$$\n",
    "\n",
    "$$M_{14} = \\begin{vmatrix}\n",
    "-1 & -2 & b \\\\\n",
    "-2 & 0 & c  \\\\\n",
    "0 & -1 & d\n",
    "\\end{vmatrix} = (-1*0*d)+(-2*c*0)+(b*-2*-1)-(b*0*0)-(-1*c*-1)-(-2*-2*d) = 0+0+2b-0-c-4d = 2b-c-4d$$\n",
    "\n",
    "Теперь подставим найденные миноры в формулу для определителя:\n",
    "$$det = -b-c+2d+3d-3a+2b-c-4d$$\n",
    "\n",
    "После упрощения:\n",
    "$$det = b-2c+d-3a$$\n",
    "\n",
    "**Ответ:**\n",
    "\n",
    "Определитель равен $det = b-2c+d-3a$\n"
   ]
  },
  {
   "cell_type": "markdown",
   "metadata": {},
   "source": [
    "## Задание 4"
   ]
  },
  {
   "cell_type": "markdown",
   "metadata": {},
   "source": [
    "Даны две матрицы. При каких a, b и c матрицы A и B являются обратными:\n",
    "$$A = \\begin{pmatrix}\n",
    "a & -2 & -1 \\\\ \n",
    "-15 & b+20 & 12 \\\\\n",
    "10 & -19 & 2c\n",
    "\\end{pmatrix}; B = \\begin{pmatrix}\n",
    "-4 & 3 & 5 \\\\ \n",
    "0 & 2 & 3 \\\\\n",
    "-5 & -1 & -1\n",
    "\\end{pmatrix}$$\n",
    "\n",
    "По определению обратной матрицы можем говорить о том, что матрицы будут обратными, если произведение этих матриц будет равно единичной матрице. Найдем произведение этих матриц:\n",
    "$$A*B = \n",
    "\\begin{pmatrix}\n",
    "(a*-4)+(-2*0)+(-1*(-5)) & (a*3)+(-2*2)+(-1*(-1)) & (a*5)+(-2*3)+(-1*(-1)) \\\\ \n",
    "(-15*(-4))+((b+20)*0)+(12*(-5)) & (-15*3)+((b+20)*2)+(12*(-1)) & (-15*5)+((b+20)*3)+(12*(-1)) \\\\\n",
    "(10*(-4))+(-19*0)+(2c*(-5)) & (10*3)+(-19*2)+(2c*(-1)) & (10*5)+(-19*3)+(2c*(-1))\n",
    "\\end{pmatrix} \\\\= \n",
    "\\begin{pmatrix}\n",
    "5-4a & 3a-3 & 5a-5 \\\\ \n",
    "0 & 2b-17 & 3b-27 \\\\\n",
    "-10c-40 & -2c-8 & -2c-7\n",
    "\\end{pmatrix}$$\n",
    "\n",
    "После этого можно решать систему уравнений:\n",
    "$$\\begin{cases}\n",
    "    5-4a=1 \\\\\n",
    "    3a-3=0 \\\\\n",
    "    5a-5=0 \\\\\n",
    "    0=0 \\\\\n",
    "    2b-17 = 1 \\\\\n",
    "    3b-27 = 0 \\\\\n",
    "    -10c-40 = 0 \\\\\n",
    "    -2c-8 = 0 \\\\\n",
    "    -2c-7 = 1\n",
    "\\end{cases}$$\n",
    "\n",
    "Решить можно одно уравнение для каждой переменной, после чего проверить результат:\n",
    "\n",
    "$$\\begin{cases}\n",
    "    5-4a=1 \\\\\n",
    "    a=1 \\\\\n",
    "    5a-5=0 \\\\\n",
    "    0=0 \\\\\n",
    "    b=9 \\\\\n",
    "    3b-27 = 0 \\\\\n",
    "    -10c-40 = 0 \\\\\n",
    "    c = -4 \\\\\n",
    "    -2c-7 = 1\n",
    "\\end{cases}$$\n",
    "\n",
    "Проверка может быть выполнена успешно, следовательно, значения a, b и c равны 1, 9 и 4 соответственно.\n",
    "\n",
    "**Ответ**:\n",
    "\n",
    "Матрица является обратной при $a=1, b=9, c=-4$"
   ]
  },
  {
   "cell_type": "markdown",
   "metadata": {},
   "source": [
    "## Задание 5"
   ]
  },
  {
   "cell_type": "markdown",
   "metadata": {},
   "source": [
    "Найти собственные значения и вектора матрицы:\n",
    "$$\\begin{pmatrix} \n",
    "4 & 0 & -1 \\\\\n",
    "2 & 2 & 1 \\\\\n",
    "-1 & 0 & 4\n",
    "\\end{pmatrix}$$\n",
    "\n",
    "Во-первых составим характеристическое уравнение:\n",
    "$$\\begin{pmatrix} \n",
    "4-\\lambda & 0 & -1 \\\\\n",
    "2 & 2-\\lambda & 1 \\\\\n",
    "-1 & 0 & 4-\\lambda\n",
    "\\end{pmatrix}$$\n",
    "\n",
    "Чей определитель должен быть равным нулю. Найдем значения $\\lambda$, при которых определитель равен 0\n",
    "\n",
    "$$det = \\begin{vmatrix} \n",
    "4-\\lambda & 0 & -1 \\\\\n",
    "2 & 2-\\lambda & 1 \\\\\n",
    "-1 & 0 & 4-\\lambda\n",
    "\\end{vmatrix} = 0$$\n",
    "$$((4-\\lambda)*(2-\\lambda)*(4-\\lambda))+(0*1*-1)+(-1*2*0)-\\\\(-1*(2-\\lambda)*-1)-((4-\\lambda)*1*0)-(0*2*(4-\\lambda))$$\n",
    "\n",
    "\n",
    "После упрощения уравнение принимает вид:\n",
    "$$-\\lambda^3+10\\lambda^2-31\\lambda+30=0$$\n",
    "\n",
    "Вынесем за скобки $(\\lambda-2)$ и получим:\n",
    "$$\\lambda^2-8\\lambda+15=0$$\n",
    "\n",
    "Решим уравнение через дискриминант:\n",
    "$$D=8^2-4*(-1)*(-15)=64-60=4$$\n",
    "\n",
    "Соответственно, $\\lambda$ равна:\n",
    "$$\\lambda_2=\\frac{-8+2}{-2}=3$$\n",
    "$$\\lambda_3=\\frac{-8-2}{-2}=5$$\n",
    "\n",
    "Таким образом, получаем 3 собственных значения: 2, 3, 5\n",
    "\n",
    "Решим системы уравнений для каждого числа. Сначала для 2:\n",
    "$$\\begin{pmatrix} \n",
    "2 & 0 & -1 \\\\\n",
    "2 & 0 & 1 \\\\\n",
    "-1 & 0 & 2\n",
    "\\end{pmatrix} * \\begin{pmatrix} \n",
    "x_1 \\\\\n",
    "x_2 \\\\\n",
    "x_3\n",
    "\\end{pmatrix} = 0$$\n",
    "\n",
    "$$\\begin{cases}\n",
    "    2x_1-x_3 = 0 \\\\\n",
    "    2x_1+x_3 = 0 \\\\\n",
    "    -x_1+2x_3 = 0 \\\\\n",
    "\\end{cases}$$\n",
    "$$\\begin{cases}\n",
    "    x_1 = 0 \\\\\n",
    "    x_3 = 0\n",
    "\\end{cases}$$\n",
    "\n",
    "Следовательно, вектор будет равен ($x_2$ может быть любым):\n",
    "$$\\vec v_1 = \\begin{pmatrix} \n",
    "0 \\\\\n",
    "1 \\\\\n",
    "0\n",
    "\\end{pmatrix}$$\n",
    "\n",
    "Решаем уравнение для 3:\n",
    "$$\\begin{pmatrix} \n",
    "1 & 0 & -1 \\\\\n",
    "2 & -1 & 1 \\\\\n",
    "-1 & 0 & 1\n",
    "\\end{pmatrix} * \\begin{pmatrix} \n",
    "x_1 \\\\\n",
    "x_2 \\\\\n",
    "x_3\n",
    "\\end{pmatrix} = 0$$\n",
    "\n",
    "$$\\begin{cases}\n",
    "    x_1-x_3 = 0 \\\\\n",
    "    2x_1-1x_2+x_3 = 0 \\\\\n",
    "    -x_1+x_3=0\n",
    "\\end{cases}$$\n",
    "$$\\begin{cases}\n",
    "    x_1=1 \\\\\n",
    "    x_2=3 \\\\\n",
    "    x_3=1\n",
    "\\end{cases}$$\n",
    "\n",
    "Следовательно, вектор будет равен:\n",
    "$$\\vec v_2 = \\begin{pmatrix} \n",
    "1 \\\\\n",
    "3 \\\\\n",
    "1\n",
    "\\end{pmatrix}$$\n",
    "\n",
    "Решаем уравнение для 5:\n",
    "$$\\begin{pmatrix} \n",
    "-1 & 0 & -1 \\\\\n",
    "2 & -3 & 1 \\\\\n",
    "-1 & 0 & -1\n",
    "\\end{pmatrix} * \\begin{pmatrix} \n",
    "x_1 \\\\\n",
    "x_2 \\\\\n",
    "x_3\n",
    "\\end{pmatrix} = 0$$\n",
    "\n",
    "$$\\begin{cases}\n",
    "    -x_1-x_3 = 0 \\\\\n",
    "    2x_1-3x_2+x_3 = 0 \\\\\n",
    "    -x_1-x_3=0\n",
    "\\end{cases}$$\n",
    "$$\\begin{cases}\n",
    "    x_1=-1 \\\\\n",
    "    x_2=-\\frac{1}{3} \\\\\n",
    "    x_3=1\n",
    "\\end{cases}$$\n",
    "\n",
    "Следовательно, вектор будет равен:\n",
    "$$\\vec v_3 = \\begin{pmatrix} \n",
    "-1 \\\\\n",
    "-\\frac{1}{3} \\\\\n",
    "1\n",
    "\\end{pmatrix}$$\n",
    "\n",
    "**Ответ:**\n",
    "\n",
    "Собственные значения 2, 3, 5 и собственные вектора $$\\vec v_1 = \\begin{pmatrix} \n",
    "0 \\\\\n",
    "1 \\\\\n",
    "0\n",
    "\\end{pmatrix}; \\vec v_2 = \\begin{pmatrix} \n",
    "1 \\\\\n",
    "3 \\\\\n",
    "1\n",
    "\\end{pmatrix}; \\vec v_3 = \\begin{pmatrix} \n",
    "-1 \\\\\n",
    "-\\frac{1}{3} \\\\\n",
    "1\n",
    "\\end{pmatrix}$$"
   ]
  },
  {
   "cell_type": "markdown",
   "metadata": {},
   "source": [
    "## Задание 6"
   ]
  },
  {
   "cell_type": "markdown",
   "metadata": {},
   "source": [
    "Дана матрица. Надо найти сумму сингулярных чисел матрицы:\n",
    "$$A = \\begin{pmatrix} \n",
    "-2 & 0 & 1 \\\\\n",
    "0 & -2 & 1 \\\\\n",
    "1 & 1 & -1\n",
    "\\end{pmatrix}$$\n",
    "\n",
    "Для сингулярного разложения вначале необходимо найти матрицу $A^TA$. Найдем ее (повезло, она симметричная)\n",
    "$$A^T = \\begin{pmatrix} \n",
    "-2 & 0 & 1 \\\\\n",
    "0 & -2 & 1 \\\\\n",
    "1 & 1 & -1\n",
    "\\end{pmatrix}$$\n",
    "\n",
    "Теперь произведем умножение матриц:\n",
    "$$A^TA = \\begin{pmatrix} \n",
    "-2 & 0 & 1 \\\\\n",
    "0 & -2 & 1 \\\\\n",
    "1 & 1 & -1\n",
    "\\end{pmatrix} \\begin{pmatrix} \n",
    "-2 & 0 & 1 \\\\\n",
    "0 & -2 & 1 \\\\\n",
    "1 & 1 & -1\n",
    "\\end{pmatrix} = \\\\\\begin{pmatrix} \n",
    "(-2*(-2))+0*0+1*1 & (-2*0)+(0*(-2))+1*1 & ((-2)*1)+(0*1)+(1*(-1)) \\\\\n",
    "(0*(-2))+(-2*0)+(1*1) & (0*0)+(-2*(-2))+(1*1) & (0*1)+(-2*1)+(1*(-1)) \\\\\n",
    "(1*(-2))+(1*0)+(-1*1) & (1*0)+(1*(-2))+(-1·1) & (1*1)+(1*1)+(-1*(-1))\n",
    "\\end{pmatrix} = \\\\\n",
    "\\begin{pmatrix} \n",
    "5 & 1 & -3 \\\\\n",
    "1 & 5 & -3 \\\\\n",
    "-3 & -3 & 3\n",
    "\\end{pmatrix} $$\n",
    "\n",
    "Дальше действуем по аналогии с заданием 5. Строим характеристическое уравнение и ищем его определитель:\n",
    "$$\\begin{pmatrix} \n",
    "5-\\lambda & 1 & -3 \\\\\n",
    "1 & 5-\\lambda & -3 \\\\\n",
    "-3 & -3 & 3-\\lambda\n",
    "\\end{pmatrix} $$\n",
    "\n",
    "$$det = \\begin{vmatrix} \n",
    "5-\\lambda & 1 & -3 \\\\\n",
    "1 & 5-\\lambda & -3 \\\\\n",
    "-3 & -3 & 3-\\lambda\n",
    "\\end{vmatrix} = \\\\(5-\\lambda)*(5-\\lambda)*(3-\\lambda)+1*(-3)*(-3)+-3*1*(-3)-((-3)*(5-\\lambda)*(-3))-((5-\\lambda)*(-3)*(-3))-(1*1*(3-\\lambda))\n",
    "$$\n",
    "\n",
    "После расскрытия скобок и упрощения уравнение имеет вид:\n",
    "$$-\\lambda^3+13\\lambda^2-36=0$$\n",
    "$$\\lambda(-\\lambda^2+13\\lambda-36)=0$$\n",
    "\n",
    "Ищем корни квадратного уравнения (поиск опущу, он идентичен заданию 5) и получаем, что собственные числа:\n",
    "$$\\lambda_1=0, \\lambda_2=4, \\lambda_3=9$$\n",
    "\n",
    "Следовательно, сумма сингулярных чисел равна: $\\sqrt{0}+\\sqrt{4}+\\sqrt{9}=0+2+3=5$\n",
    "\n",
    "**Ответ:**\n",
    "\n",
    "Сумма сингулярных чисел матрицы равны 5"
   ]
  },
  {
   "cell_type": "markdown",
   "metadata": {},
   "source": [
    "# Задания на Python"
   ]
  },
  {
   "cell_type": "markdown",
   "metadata": {},
   "source": [
    "# Задание 7\n",
    "\n",
    "Написанная функция показывает количество пропусков в каждом столбце. Согласно ней, пропуски отсутствуют, следовательно, пропущенных значений нет."
   ]
  },
  {
   "cell_type": "code",
   "execution_count": 66,
   "metadata": {},
   "outputs": [
    {
     "name": "stdout",
     "output_type": "stream",
     "text": [
      "Количество пропущенных значений в столбце season 0\n",
      "Количество пропущенных значений в столбце yr 0\n",
      "Количество пропущенных значений в столбце mnth 0\n",
      "Количество пропущенных значений в столбце holiday 0\n",
      "Количество пропущенных значений в столбце weekday 0\n",
      "Количество пропущенных значений в столбце workingday 0\n",
      "Количество пропущенных значений в столбце weathersit 0\n",
      "Количество пропущенных значений в столбце temp 0\n",
      "Количество пропущенных значений в столбце atemp 0\n",
      "Количество пропущенных значений в столбце hum 0\n",
      "Количество пропущенных значений в столбце windspeed(mph) 0\n",
      "Количество пропущенных значений в столбце windspeed(ms) 0\n",
      "Количество пропущенных значений в столбце cnt 0\n"
     ]
    }
   ],
   "source": [
    "import pandas as pd\n",
    "import numpy as np\n",
    "import plotly.graph_objects as go\n",
    "\n",
    "df = pd.read_csv('./data/data.xls')\n",
    "\n",
    "for i in df.columns:\n",
    "    print(f'Количество пропущенных значений в столбце {i}',df[i].loc[df[i].isna()==True].count())"
   ]
  },
  {
   "cell_type": "markdown",
   "metadata": {},
   "source": [
    "# Задание 8"
   ]
  },
  {
   "cell_type": "code",
   "execution_count": 67,
   "metadata": {},
   "outputs": [
    {
     "name": "stdout",
     "output_type": "stream",
     "text": [
      "Есть зависимые столбцы!\n",
      "Линейно зависимые столбцы:  [9, 10, 11]\n",
      "Удален столбец 10\n",
      "Теперь столбцы линейно независимы\n"
     ]
    }
   ],
   "source": [
    "data_matrix = df.drop('cnt', axis=1).values\n",
    "dependent = []\n",
    "\n",
    "if len(data_matrix[0]) > np.linalg.matrix_rank(data_matrix):\n",
    "    print('Есть зависимые столбцы!')\n",
    "    for i in range(len(data_matrix[0])):\n",
    "        data_matrix_del = np.delete(data_matrix, i, axis=1)\n",
    "        if len(data_matrix_del[0]) == np.linalg.matrix_rank(data_matrix_del):\n",
    "            dependent.append(i)\n",
    "print('Линейно зависимые столбцы: ', dependent)\n",
    "\n",
    "data_matrix = np.delete(data_matrix, dependent[1], axis=1)\n",
    "\n",
    "print(f'Удален столбец {dependent[1]}')\n",
    "if len(data_matrix[1]) == np.linalg.matrix_rank(data_matrix):\n",
    "    print('Теперь столбцы линейно независимы')\n",
    "    \n",
    "df = df.drop(df.columns[dependent[1]], axis=1)"
   ]
  },
  {
   "cell_type": "markdown",
   "metadata": {},
   "source": [
    "Мы нашли 3 столбца, которые выражаются друг через друга: 9, 10, 11. Было принято решение удалить столбец 9. После этого ранг матрицы стал равен количеству столбцов, что говорит, что столбцы линейно независимы"
   ]
  },
  {
   "cell_type": "markdown",
   "metadata": {},
   "source": [
    "# Задание 9"
   ]
  },
  {
   "cell_type": "code",
   "execution_count": 68,
   "metadata": {},
   "outputs": [
    {
     "data": {
      "application/vnd.plotly.v1+json": {
       "config": {
        "plotlyServerURL": "https://plot.ly"
       },
       "data": [
        {
         "type": "heatmap",
         "x": [
          "season",
          "yr",
          "mnth",
          "holiday",
          "weekday",
          "workingday",
          "weathersit",
          "temp",
          "atemp",
          "hum",
          "windspeed(ms)",
          "cnt"
         ],
         "y": [
          "season",
          "yr",
          "mnth",
          "holiday",
          "weekday",
          "workingday",
          "weathersit",
          "temp",
          "atemp",
          "hum",
          "windspeed(ms)",
          "cnt"
         ],
         "z": [
          [
           1,
           -0.0018443425624099271,
           0.8314401142104252,
           -0.01053665873599923,
           -0.0030798813391720477,
           0.012484963237440971,
           0.019211028056670312,
           0.33431485639909386,
           0.342875612707532,
           0.20544476453974048,
           -0.22904633734689742,
           0.40610037079863526
          ],
          [
           -0.0018443425624099271,
           1,
           -0.0017924338411962346,
           0.007954310803060295,
           -0.005460765185946364,
           -0.0020126211935202138,
           -0.04872654120020068,
           0.04760357191602125,
           0.04610614853842142,
           -0.11065104471778081,
           -0.011817059907656354,
           0.5667097078680867
          ],
          [
           0.8314401142104252,
           -0.0017924338411962346,
           1,
           0.01919089525339548,
           0.009509312860349974,
           -0.005900951270197498,
           0.04352809839245861,
           0.22020533515337332,
           0.22745862974155456,
           0.22220369068898133,
           -0.20750175158485323,
           0.27997711221927024
          ],
          [
           -0.01053665873599923,
           0.007954310803060295,
           0.01919089525339548,
           1,
           -0.10196026886035356,
           -0.2530226996846281,
           -0.03462684136900051,
           -0.028555534981074413,
           -0.03250669230022391,
           -0.01593747850652258,
           0.006291506543762812,
           -0.068347715892484
          ],
          [
           -0.0030798813391720477,
           -0.005460765185946364,
           0.009509312860349974,
           -0.10196026886035356,
           1,
           0.0357896735897842,
           0.031087469411441058,
           -0.0001699623848035777,
           -0.007537131822513735,
           -0.05223210040137854,
           0.014282124141993126,
           0.06744341241063077
          ],
          [
           0.012484963237440971,
           -0.0020126211935202138,
           -0.005900951270197498,
           -0.2530226996846281,
           0.0357896735897842,
           1,
           0.061200430008790545,
           0.052659810177103715,
           0.05218227505959594,
           0.02432704578756158,
           -0.018796486567121667,
           0.06115606306052114
          ],
          [
           0.019211028056670312,
           -0.04872654120020068,
           0.04352809839245861,
           -0.03462684136900051,
           0.031087469411441058,
           0.061200430008790545,
           1,
           -0.120602236499715,
           -0.12158335420323249,
           0.5910445992972738,
           0.03951105859361251,
           -0.2973912388346634
          ],
          [
           0.33431485639909386,
           0.04760357191602125,
           0.22020533515337332,
           -0.028555534981074413,
           -0.0001699623848035777,
           0.052659810177103715,
           -0.120602236499715,
           1,
           0.9917015532294642,
           0.12696293902718844,
           -0.15794412041210718,
           0.6274940090334912
          ],
          [
           0.342875612707532,
           0.04610614853842142,
           0.22745862974155456,
           -0.03250669230022391,
           -0.007537131822513735,
           0.05218227505959594,
           -0.12158335420323249,
           0.9917015532294642,
           1,
           0.13998805994655938,
           -0.1836429666908312,
           0.631065699849181
          ],
          [
           0.20544476453974048,
           -0.11065104471778081,
           0.22220369068898133,
           -0.01593747850652258,
           -0.05223210040137854,
           0.02432704578756158,
           0.5910445992972738,
           0.12696293902718844,
           0.13998805994655938,
           1,
           -0.24848909864368154,
           -0.10065856213715627
          ],
          [
           -0.22904633734689742,
           -0.011817059907656354,
           -0.20750175158485323,
           0.006291506543762812,
           0.014282124141993126,
           -0.018796486567121667,
           0.03951105859361251,
           -0.15794412041210718,
           -0.1836429666908312,
           -0.24848909864368154,
           1,
           -0.2345449974216897
          ],
          [
           0.40610037079863526,
           0.5667097078680867,
           0.27997711221927024,
           -0.068347715892484,
           0.06744341241063077,
           0.06115606306052114,
           -0.2973912388346634,
           0.6274940090334912,
           0.631065699849181,
           -0.10065856213715627,
           -0.2345449974216897,
           1
          ]
         ]
        }
       ],
       "layout": {
        "template": {
         "data": {
          "bar": [
           {
            "error_x": {
             "color": "#2a3f5f"
            },
            "error_y": {
             "color": "#2a3f5f"
            },
            "marker": {
             "line": {
              "color": "#E5ECF6",
              "width": 0.5
             },
             "pattern": {
              "fillmode": "overlay",
              "size": 10,
              "solidity": 0.2
             }
            },
            "type": "bar"
           }
          ],
          "barpolar": [
           {
            "marker": {
             "line": {
              "color": "#E5ECF6",
              "width": 0.5
             },
             "pattern": {
              "fillmode": "overlay",
              "size": 10,
              "solidity": 0.2
             }
            },
            "type": "barpolar"
           }
          ],
          "carpet": [
           {
            "aaxis": {
             "endlinecolor": "#2a3f5f",
             "gridcolor": "white",
             "linecolor": "white",
             "minorgridcolor": "white",
             "startlinecolor": "#2a3f5f"
            },
            "baxis": {
             "endlinecolor": "#2a3f5f",
             "gridcolor": "white",
             "linecolor": "white",
             "minorgridcolor": "white",
             "startlinecolor": "#2a3f5f"
            },
            "type": "carpet"
           }
          ],
          "choropleth": [
           {
            "colorbar": {
             "outlinewidth": 0,
             "ticks": ""
            },
            "type": "choropleth"
           }
          ],
          "contour": [
           {
            "colorbar": {
             "outlinewidth": 0,
             "ticks": ""
            },
            "colorscale": [
             [
              0,
              "#0d0887"
             ],
             [
              0.1111111111111111,
              "#46039f"
             ],
             [
              0.2222222222222222,
              "#7201a8"
             ],
             [
              0.3333333333333333,
              "#9c179e"
             ],
             [
              0.4444444444444444,
              "#bd3786"
             ],
             [
              0.5555555555555556,
              "#d8576b"
             ],
             [
              0.6666666666666666,
              "#ed7953"
             ],
             [
              0.7777777777777778,
              "#fb9f3a"
             ],
             [
              0.8888888888888888,
              "#fdca26"
             ],
             [
              1,
              "#f0f921"
             ]
            ],
            "type": "contour"
           }
          ],
          "contourcarpet": [
           {
            "colorbar": {
             "outlinewidth": 0,
             "ticks": ""
            },
            "type": "contourcarpet"
           }
          ],
          "heatmap": [
           {
            "colorbar": {
             "outlinewidth": 0,
             "ticks": ""
            },
            "colorscale": [
             [
              0,
              "#0d0887"
             ],
             [
              0.1111111111111111,
              "#46039f"
             ],
             [
              0.2222222222222222,
              "#7201a8"
             ],
             [
              0.3333333333333333,
              "#9c179e"
             ],
             [
              0.4444444444444444,
              "#bd3786"
             ],
             [
              0.5555555555555556,
              "#d8576b"
             ],
             [
              0.6666666666666666,
              "#ed7953"
             ],
             [
              0.7777777777777778,
              "#fb9f3a"
             ],
             [
              0.8888888888888888,
              "#fdca26"
             ],
             [
              1,
              "#f0f921"
             ]
            ],
            "type": "heatmap"
           }
          ],
          "heatmapgl": [
           {
            "colorbar": {
             "outlinewidth": 0,
             "ticks": ""
            },
            "colorscale": [
             [
              0,
              "#0d0887"
             ],
             [
              0.1111111111111111,
              "#46039f"
             ],
             [
              0.2222222222222222,
              "#7201a8"
             ],
             [
              0.3333333333333333,
              "#9c179e"
             ],
             [
              0.4444444444444444,
              "#bd3786"
             ],
             [
              0.5555555555555556,
              "#d8576b"
             ],
             [
              0.6666666666666666,
              "#ed7953"
             ],
             [
              0.7777777777777778,
              "#fb9f3a"
             ],
             [
              0.8888888888888888,
              "#fdca26"
             ],
             [
              1,
              "#f0f921"
             ]
            ],
            "type": "heatmapgl"
           }
          ],
          "histogram": [
           {
            "marker": {
             "pattern": {
              "fillmode": "overlay",
              "size": 10,
              "solidity": 0.2
             }
            },
            "type": "histogram"
           }
          ],
          "histogram2d": [
           {
            "colorbar": {
             "outlinewidth": 0,
             "ticks": ""
            },
            "colorscale": [
             [
              0,
              "#0d0887"
             ],
             [
              0.1111111111111111,
              "#46039f"
             ],
             [
              0.2222222222222222,
              "#7201a8"
             ],
             [
              0.3333333333333333,
              "#9c179e"
             ],
             [
              0.4444444444444444,
              "#bd3786"
             ],
             [
              0.5555555555555556,
              "#d8576b"
             ],
             [
              0.6666666666666666,
              "#ed7953"
             ],
             [
              0.7777777777777778,
              "#fb9f3a"
             ],
             [
              0.8888888888888888,
              "#fdca26"
             ],
             [
              1,
              "#f0f921"
             ]
            ],
            "type": "histogram2d"
           }
          ],
          "histogram2dcontour": [
           {
            "colorbar": {
             "outlinewidth": 0,
             "ticks": ""
            },
            "colorscale": [
             [
              0,
              "#0d0887"
             ],
             [
              0.1111111111111111,
              "#46039f"
             ],
             [
              0.2222222222222222,
              "#7201a8"
             ],
             [
              0.3333333333333333,
              "#9c179e"
             ],
             [
              0.4444444444444444,
              "#bd3786"
             ],
             [
              0.5555555555555556,
              "#d8576b"
             ],
             [
              0.6666666666666666,
              "#ed7953"
             ],
             [
              0.7777777777777778,
              "#fb9f3a"
             ],
             [
              0.8888888888888888,
              "#fdca26"
             ],
             [
              1,
              "#f0f921"
             ]
            ],
            "type": "histogram2dcontour"
           }
          ],
          "mesh3d": [
           {
            "colorbar": {
             "outlinewidth": 0,
             "ticks": ""
            },
            "type": "mesh3d"
           }
          ],
          "parcoords": [
           {
            "line": {
             "colorbar": {
              "outlinewidth": 0,
              "ticks": ""
             }
            },
            "type": "parcoords"
           }
          ],
          "pie": [
           {
            "automargin": true,
            "type": "pie"
           }
          ],
          "scatter": [
           {
            "fillpattern": {
             "fillmode": "overlay",
             "size": 10,
             "solidity": 0.2
            },
            "type": "scatter"
           }
          ],
          "scatter3d": [
           {
            "line": {
             "colorbar": {
              "outlinewidth": 0,
              "ticks": ""
             }
            },
            "marker": {
             "colorbar": {
              "outlinewidth": 0,
              "ticks": ""
             }
            },
            "type": "scatter3d"
           }
          ],
          "scattercarpet": [
           {
            "marker": {
             "colorbar": {
              "outlinewidth": 0,
              "ticks": ""
             }
            },
            "type": "scattercarpet"
           }
          ],
          "scattergeo": [
           {
            "marker": {
             "colorbar": {
              "outlinewidth": 0,
              "ticks": ""
             }
            },
            "type": "scattergeo"
           }
          ],
          "scattergl": [
           {
            "marker": {
             "colorbar": {
              "outlinewidth": 0,
              "ticks": ""
             }
            },
            "type": "scattergl"
           }
          ],
          "scattermapbox": [
           {
            "marker": {
             "colorbar": {
              "outlinewidth": 0,
              "ticks": ""
             }
            },
            "type": "scattermapbox"
           }
          ],
          "scatterpolar": [
           {
            "marker": {
             "colorbar": {
              "outlinewidth": 0,
              "ticks": ""
             }
            },
            "type": "scatterpolar"
           }
          ],
          "scatterpolargl": [
           {
            "marker": {
             "colorbar": {
              "outlinewidth": 0,
              "ticks": ""
             }
            },
            "type": "scatterpolargl"
           }
          ],
          "scatterternary": [
           {
            "marker": {
             "colorbar": {
              "outlinewidth": 0,
              "ticks": ""
             }
            },
            "type": "scatterternary"
           }
          ],
          "surface": [
           {
            "colorbar": {
             "outlinewidth": 0,
             "ticks": ""
            },
            "colorscale": [
             [
              0,
              "#0d0887"
             ],
             [
              0.1111111111111111,
              "#46039f"
             ],
             [
              0.2222222222222222,
              "#7201a8"
             ],
             [
              0.3333333333333333,
              "#9c179e"
             ],
             [
              0.4444444444444444,
              "#bd3786"
             ],
             [
              0.5555555555555556,
              "#d8576b"
             ],
             [
              0.6666666666666666,
              "#ed7953"
             ],
             [
              0.7777777777777778,
              "#fb9f3a"
             ],
             [
              0.8888888888888888,
              "#fdca26"
             ],
             [
              1,
              "#f0f921"
             ]
            ],
            "type": "surface"
           }
          ],
          "table": [
           {
            "cells": {
             "fill": {
              "color": "#EBF0F8"
             },
             "line": {
              "color": "white"
             }
            },
            "header": {
             "fill": {
              "color": "#C8D4E3"
             },
             "line": {
              "color": "white"
             }
            },
            "type": "table"
           }
          ]
         },
         "layout": {
          "annotationdefaults": {
           "arrowcolor": "#2a3f5f",
           "arrowhead": 0,
           "arrowwidth": 1
          },
          "autotypenumbers": "strict",
          "coloraxis": {
           "colorbar": {
            "outlinewidth": 0,
            "ticks": ""
           }
          },
          "colorscale": {
           "diverging": [
            [
             0,
             "#8e0152"
            ],
            [
             0.1,
             "#c51b7d"
            ],
            [
             0.2,
             "#de77ae"
            ],
            [
             0.3,
             "#f1b6da"
            ],
            [
             0.4,
             "#fde0ef"
            ],
            [
             0.5,
             "#f7f7f7"
            ],
            [
             0.6,
             "#e6f5d0"
            ],
            [
             0.7,
             "#b8e186"
            ],
            [
             0.8,
             "#7fbc41"
            ],
            [
             0.9,
             "#4d9221"
            ],
            [
             1,
             "#276419"
            ]
           ],
           "sequential": [
            [
             0,
             "#0d0887"
            ],
            [
             0.1111111111111111,
             "#46039f"
            ],
            [
             0.2222222222222222,
             "#7201a8"
            ],
            [
             0.3333333333333333,
             "#9c179e"
            ],
            [
             0.4444444444444444,
             "#bd3786"
            ],
            [
             0.5555555555555556,
             "#d8576b"
            ],
            [
             0.6666666666666666,
             "#ed7953"
            ],
            [
             0.7777777777777778,
             "#fb9f3a"
            ],
            [
             0.8888888888888888,
             "#fdca26"
            ],
            [
             1,
             "#f0f921"
            ]
           ],
           "sequentialminus": [
            [
             0,
             "#0d0887"
            ],
            [
             0.1111111111111111,
             "#46039f"
            ],
            [
             0.2222222222222222,
             "#7201a8"
            ],
            [
             0.3333333333333333,
             "#9c179e"
            ],
            [
             0.4444444444444444,
             "#bd3786"
            ],
            [
             0.5555555555555556,
             "#d8576b"
            ],
            [
             0.6666666666666666,
             "#ed7953"
            ],
            [
             0.7777777777777778,
             "#fb9f3a"
            ],
            [
             0.8888888888888888,
             "#fdca26"
            ],
            [
             1,
             "#f0f921"
            ]
           ]
          },
          "colorway": [
           "#636efa",
           "#EF553B",
           "#00cc96",
           "#ab63fa",
           "#FFA15A",
           "#19d3f3",
           "#FF6692",
           "#B6E880",
           "#FF97FF",
           "#FECB52"
          ],
          "font": {
           "color": "#2a3f5f"
          },
          "geo": {
           "bgcolor": "white",
           "lakecolor": "white",
           "landcolor": "#E5ECF6",
           "showlakes": true,
           "showland": true,
           "subunitcolor": "white"
          },
          "hoverlabel": {
           "align": "left"
          },
          "hovermode": "closest",
          "mapbox": {
           "style": "light"
          },
          "paper_bgcolor": "white",
          "plot_bgcolor": "#E5ECF6",
          "polar": {
           "angularaxis": {
            "gridcolor": "white",
            "linecolor": "white",
            "ticks": ""
           },
           "bgcolor": "#E5ECF6",
           "radialaxis": {
            "gridcolor": "white",
            "linecolor": "white",
            "ticks": ""
           }
          },
          "scene": {
           "xaxis": {
            "backgroundcolor": "#E5ECF6",
            "gridcolor": "white",
            "gridwidth": 2,
            "linecolor": "white",
            "showbackground": true,
            "ticks": "",
            "zerolinecolor": "white"
           },
           "yaxis": {
            "backgroundcolor": "#E5ECF6",
            "gridcolor": "white",
            "gridwidth": 2,
            "linecolor": "white",
            "showbackground": true,
            "ticks": "",
            "zerolinecolor": "white"
           },
           "zaxis": {
            "backgroundcolor": "#E5ECF6",
            "gridcolor": "white",
            "gridwidth": 2,
            "linecolor": "white",
            "showbackground": true,
            "ticks": "",
            "zerolinecolor": "white"
           }
          },
          "shapedefaults": {
           "line": {
            "color": "#2a3f5f"
           }
          },
          "ternary": {
           "aaxis": {
            "gridcolor": "white",
            "linecolor": "white",
            "ticks": ""
           },
           "baxis": {
            "gridcolor": "white",
            "linecolor": "white",
            "ticks": ""
           },
           "bgcolor": "#E5ECF6",
           "caxis": {
            "gridcolor": "white",
            "linecolor": "white",
            "ticks": ""
           }
          },
          "title": {
           "x": 0.05
          },
          "xaxis": {
           "automargin": true,
           "gridcolor": "white",
           "linecolor": "white",
           "ticks": "",
           "title": {
            "standoff": 15
           },
           "zerolinecolor": "white",
           "zerolinewidth": 2
          },
          "yaxis": {
           "automargin": true,
           "gridcolor": "white",
           "linecolor": "white",
           "ticks": "",
           "title": {
            "standoff": 15
           },
           "zerolinecolor": "white",
           "zerolinewidth": 2
          }
         }
        },
        "title": {
         "text": "Correlation heatmap"
        }
       }
      }
     },
